75 100 100 100 100 100 100 100 100 100 100 100 100 100 100 100 100 100 100 100 100 100 100 100 100 100 100 100 100 100 100 100 100 100 100 100 100 100 100 100 50 
75 87.4144 92.2704 94.5092 95.6969 96.3971 96.8411 97.1363 97.3383 97.4782 97.5748 97.64 97.6818 97.7055 97.715 97.7127 97.7005 97.6797 97.6508 97.6143 97.5699 97.5174 97.4558 97.3839 97.2999 97.2016 97.0857 96.9479 96.7826 96.5818 96.3343 96.0242 95.6272 95.1058 94.3973 93.391 91.8719 89.3773 84.7802 74.9487 50 
75 82.3874 87.1578 90.0696 91.8814 93.0503 93.8309 94.366 94.7387 94.9997 95.1809 95.3034 95.3816 95.4253 95.4416 95.4353 95.4098 95.3673 95.3093 95.2363 95.1481 95.0438 94.9218 94.7797 94.6142 94.4208 94.1932 93.9235 93.6007 93.2102 92.7314 92.1351 91.379 90.3985 89.0925 87.2946 84.7192 80.8573 74.7947 65.0145 50 
75 79.9774 83.9038 86.7301 88.7087 90.0919 91.0662 91.758 92.2509 92.6009 92.8456 93.0112 93.1159 93.1727 93.1908 93.177 93.1359 93.0706 92.9829 92.8736 92.7423 92.5878 92.4079 92.1991 91.9566 91.674 91.3429 90.952 90.4867 89.9269 89.2458 88.406 87.355 86.0168 84.2796 81.9759 78.853 74.538 68.5267 60.3147 50 
75 78.6186 81.7498 84.2382 86.1314 87.5424 88.584 89.3487 89.9061 90.3073 90.5896 90.7799 90.8981 90.9586 90.972 90.9461 90.8863 90.7962 90.6781 90.5327 90.3597 90.1574 89.9229 89.6521 89.339 88.9758 88.5523 88.0551 87.467 86.765 85.9189 84.8882 83.6182 82.034 80.0332 77.4763 74.1788 69.9151 64.4595 57.7174 50 
75 77.7472 80.2384 82.3416 84.0364 85.3621 86.3789 87.1468 87.7175 88.1328 88.4255 88.6208 88.7379 88.7915 88.7925 88.749 88.6669 88.55 88.4006 88.2196 88.0064 87.7591 87.4743 87.1473 86.7714 86.3379 85.8353 85.2493 84.5611 83.7471 82.7765 81.6097 80.1955 78.4679 76.343 73.7173 70.4709 66.4842 61.6786 56.0956 50 
75 77.1318 79.1151 80.8536 82.3103 83.4907 84.4227 85.142 85.6841 86.0808 86.3588 86.5398 86.6414 86.6771 86.6575 86.5906 86.4822 86.3362 86.1547 85.9386 85.6871 85.3981 85.068 84.6915 84.2616 83.7689 83.2018 82.5454 81.7812 80.8859 79.8304 78.5786 77.0862 75.2991 73.1536 70.5788 67.5034 63.8723 59.6751 54.9864 50 
75 76.6647 78.2367 79.6473 80.8605 81.8678 82.6793 83.3144 83.7963 84.1476 84.389 84.5383 84.6106 84.6179 84.5698 84.4738 84.3352 84.1578 83.9435 83.693 83.4054 83.0784 82.7081 82.2892 81.8144 81.2744 80.6576 79.9495 79.1324 78.1847 77.0804 75.7883 74.2716 72.4887 70.3937 67.9408 65.0915 61.8264 58.1631 54.1749 50 
75 76.2904 77.5196 78.6385 79.6165 80.4407 81.1121 81.6402 82.039 82.3242 82.5112 82.614 82.6448 82.6141 82.5301 82.3995 82.2271 82.0162 81.7685 81.4844 81.163 80.8018 80.3969 79.9428 79.4324 78.8568 78.2046 77.4625 76.6142 75.6403 74.5183 73.2224 71.7234 69.9903 67.9915 65.6994 63.0954 60.1786 56.976 53.55 50 
75 75.9774 76.9127 77.7705 78.5262 79.1666 79.6883 80.0952 80.3953 80.5991 80.7176 80.7615 80.7407 80.6635 80.5371 80.367 80.1575 79.9113 79.6298 79.3133 78.9605 78.569 78.1348 77.6527 77.1158 76.5156 75.8417 75.0818 74.2214 73.2439 72.1302 70.8594 69.4094 67.7574 65.8828 63.7699 61.4119 58.8168 56.0123 53.0492 50 
75 75.7066 76.3834 77.0047 77.5512 78.011 78.3794 78.6569 78.848 78.9592 78.9985 78.9739 78.8928 78.7622 78.5877 78.374 78.1246 77.8416 77.5263 77.1784 76.7967 76.3787 75.9206 75.4173 74.8624 74.248 73.5647 72.8016 71.9459 70.9836 69.8991 68.6759 67.2972 65.7471 64.0126 62.0854 59.9656 57.6644 55.2072 52.6345 50 
75 75.4655 75.9097 76.3137 76.6627 76.947 77.1614 77.3051 77.3804 77.3913 77.3434 77.2426 77.0946 76.9047 76.6775 76.4167 76.1251 75.8044 75.4553 75.0774 74.6693 74.2286 73.7516 73.2336 72.6685 72.0494 71.3677 70.6138 69.7771 68.8456 67.8068 66.6478 65.3563 63.9214 62.3349 60.5935 58.7006 56.668 54.5177 52.2815 50 
75 75.2457 75.4762 75.6776 75.8391 75.9527 76.0141 76.0219 75.977 75.8822 75.7413 75.5585 75.3382 75.0845 74.8009 74.4903 74.1548 73.7956 73.413 73.0065 72.5746 72.1148 71.6236 71.0968 70.5288 69.9132 69.2427 68.509 67.7029 66.8148 65.8346 64.7523 63.559 62.2471 60.8121 59.2532 57.5753 55.7894 53.9139 51.9739 50 
75 75.0411 75.0716 75.0816 75.0632 75.0107 74.9204 74.7913 74.6236 74.4193 74.181 73.912 73.6153 73.2942 72.9514 72.5888 72.2081 71.8101 71.3946 70.961 70.5077 70.0323 69.5314 69.0012 68.4366 67.832 67.181 66.4765 65.7109 64.8762 63.9644 62.9679 61.8801 60.696 59.4131 58.0321 56.5579 55.0005 53.3747 51.7001 50 
75 74.8473 74.6875 74.514 74.3216 74.1063 73.8657 73.5991 73.3069 72.9903 72.6515 72.2929 71.9169 71.5257 71.1214 70.7055 70.2789 69.8419 69.3944 68.9353 68.463 67.9751 67.4686 66.9398 66.3844 65.7972 65.1729 64.5052 63.788 63.0146 62.1788 61.2748 60.2976 59.2438 58.1121 56.904 55.6239 54.28 52.8842 51.4517 50 
75 74.6605 74.3169 73.9654 73.6028 73.2271 72.8371 72.4326 72.0144 71.5836 71.1419 70.6913 70.2335 69.7704 69.3031 68.8328 68.3599 67.8844 67.4058 66.9228 66.4338 65.9366 65.4282 64.9052 64.3639 63.7997 63.2079 62.5835 61.9211 61.2155 60.4616 59.6548 58.7916 57.8695 56.8877 55.8478 54.7536 53.6114 52.4306 51.2224 50 
75 74.478 73.9544 73.4277 72.8972 72.3622 71.8229 71.28 70.7344 70.1877 69.6413 69.0968 68.5556 68.0191 67.4879 66.9627 66.4436 65.9301 65.4214 64.9163 64.413 63.9092 63.4022 62.889 62.3661 61.8297 61.2757 60.6997 60.0975 59.4646 58.7971 58.0914 57.3445 56.5547 55.7215 54.846 53.9311 52.9816 52.0042 51.0072 50 
75 74.297 73.5948 72.8941 72.196 71.5016 70.8124 70.1299 69.4557 68.7915 68.1388 67.499 66.8732 66.2623 65.6667 65.0866 64.5215 63.9709 63.4336 62.9081 62.3926 61.8849 61.3825 60.8825 60.3819 59.8774 59.3653 58.8423 58.3045 57.7485 57.1709 56.569 55.9403 55.2834 54.5976 53.8836 53.1432 52.3797 51.5975 50.8022 50 
75 74.1153 73.2336 72.3579 71.491 70.6359 69.7952 68.9715 68.167 67.3837 66.6233 65.8871 65.1759 64.4902 63.8301 63.1953 62.5851 61.9984 61.4338 60.8898 60.3644 59.8554 59.3603 58.8767 58.4017 57.9325 57.4661 56.9995 56.5297 56.0538 55.5692 55.0734 54.5644 54.0408 53.5019 52.9475 52.3785 51.7965 51.204 50.6039 50 
75 73.9306 72.8665 71.8127 70.7743 69.7557 68.761 67.7938 66.857 65.9531 65.0837 64.2502 63.4531 62.6925 61.9683 61.2795 60.6251 60.0037 59.4136 58.853 58.3198 57.8118 57.3267 56.8622 56.4157 55.9848 55.567 55.1599 54.761 54.3679 53.9786 53.5909 53.2031 52.8137 52.4216 52.0261 51.6268 51.2239 50.8179 50.4096 50 
75 73.7406 72.4889 71.2523 70.0378 68.8516 67.6994 66.5857 65.5142 64.4878 63.5083 62.5768 61.6937 60.8586 60.0709 59.3293 58.6321 57.9777 57.364 56.7888 56.25 55.7454 55.2726 54.8296 54.4141 54.024 53.6573 53.3121 52.9864 52.6784 52.3863 52.1085 51.8433 51.5893 51.3448 51.1084 50.8788 50.6545 50.4341 50.2164 50 
75 73.543 72.0963 70.6698 69.2729 67.9137 66.5992 65.3354 64.1264 62.9756 61.8849 60.8551 59.8862 58.9774 58.1275 57.3345 56.5964 55.911 55.2757 54.6882 54.1461 53.647 53.1888 52.7695 52.387 52.0398 51.7262 51.4448 51.1941 50.9728 50.7797 50.6134 50.4725 50.3553 50.2598 50.1841 50.1254 50.081 50.0477 50.0219 50 
75 73.335 71.6834 70.0578 68.4702 66.9309 65.4485 64.03 62.6805 61.4034 60.2005 59.0724 58.0185 57.0374 56.127 55.2849 54.5082 53.7941 53.1397 52.5422 51.999 51.5077 51.0662 50.6724 50.3248 50.022 49.763 49.5467 49.3723 49.2392 49.1464 49.0931 49.078 49.0994 49.1552 49.2425 49.3578 49.4965 49.6537 49.8236 50 
75 73.1137 71.2443 69.408 67.6193 65.8911 64.2339 62.6557 61.1622 59.757 58.4414 57.2156 56.0781 55.0267 54.0584 53.1698 52.3573 51.6175 50.9468 50.342 49.8002 49.3188 48.8957 48.5291 48.2177 47.9606 47.757 47.6066 47.5094 47.4651 47.4736 47.5345 47.6469 47.8092 48.0191 48.2731 48.5666 48.8936 49.2471 49.6189 50 
75 72.8755 70.7723 68.7104 66.7079 64.7804 62.9403 61.1967 59.5558 58.0207 56.5926 55.2704 54.0516 52.9329 51.91 50.9785 50.1339 49.3717 48.6879 48.0787 47.5408 47.0715 46.6687 46.3307 46.0564 45.8455 45.6977 45.6135 45.5935 45.6382 45.7484 45.9244 46.1658 46.4715 46.8389 47.2642 47.7418 48.2642 48.8222 49.4047 50 
75 72.6162 70.2589 67.9533 65.7216 63.5824 61.5502 59.6351 57.8433 56.1777 54.6379 53.2217 51.9251 50.7432 49.6701 48.7003 47.828 47.0477 46.3545 45.7441 45.2129 44.7579 44.3769 44.0685 43.8319 43.6672 43.5749 43.5563 43.6127 43.7459 43.9575 44.2489 44.6205 45.0719 45.6008 46.2031 46.8723 47.5993 48.3725 49.178 50 
75 72.3302 69.6939 67.1222 64.6427 62.2774 60.0429 57.9501 56.0048 54.2086 52.5596 51.0535 49.6841 48.4445 47.3271 46.3247 45.43 44.6364 43.9382 43.3304 42.8088 42.3702 42.0125 41.7344 41.5355 41.4165 41.3786 41.4239 41.5552 41.7751 42.0869 42.4931 42.9955 43.5947 44.2893 45.0751 45.945 46.8882 47.8906 48.9346 50 
75 72.0109 69.0641 66.1991 63.4495 60.8416 58.3939 56.1175 54.0173 52.0924 50.3385 48.7484 47.3132 46.0235 44.8693 43.8413 42.9308 42.1299 41.4317 40.8304 40.3215 39.9016 39.5685 39.321 39.1593 39.0845 39.099 39.2058 39.4088 39.7126 40.1219 40.641 41.2738 42.0223 42.8865 43.863 44.9442 46.1181 47.3672 48.6698 50 
75 71.649 68.3527 65.1607 62.1146 59.2455 56.5735 54.109 51.8543 49.8053 47.9536 46.2884 44.7971 43.4668 42.2852 41.2405 40.3221 39.5206 38.8281 38.2381 37.7454 37.3464 37.0388 36.8219 36.6961 36.6634 36.727 36.8913 37.1618 37.5447 38.0469 38.6753 39.4362 40.3342 41.3714 42.546 43.8509 45.2725 46.7904 48.3772 50 
75 71.2327 67.5368 63.9764 60.6029 57.4523 54.5455 51.8907 49.4855 47.3207 45.3824 43.6544 42.1197 40.7616 39.5643 38.5134 37.5965 36.8024 36.1222 35.5484 35.0755 34.6996 34.4185 34.2316 34.1399 34.1461 34.2544 34.4707 34.8022 35.2574 35.8457 36.5772 37.4615 38.5069 39.719 41.0988 42.6408 44.3308 46.1448 48.0487 50 
75 70.7449 66.5854 62.6053 58.8682 55.4151 52.2658 49.4227 46.8764 44.6096 42.6009 40.8272 39.2659 37.8955 36.6968 35.6525 34.7479 33.9703 33.3097 32.7578 32.3087 31.9581 31.704 31.546 31.4857 31.5265 31.6738 31.9349 32.3189 32.8369 33.5015 34.3263 35.3257 36.5129 37.8989 39.4895 41.2826 43.265 45.4092 47.6727 50 
75 70.1614 65.4546 60.991 56.8496 53.0743 49.6796 46.658 43.9879 41.6406 39.5843 37.7876 36.221 34.8579 33.6749 32.652 31.7721 31.0214 30.3885 29.8645 29.4432 29.1202 28.8934 28.7628 28.7304 28.8005 28.9795 29.2762 29.7017 30.2699 30.9969 31.9009 33.0019 34.3202 35.8741 37.6777 39.7353 42.0373 44.5542 47.2331 50 
75 69.4461 64.0805 59.0547 54.4647 50.353 46.7204 43.5416 40.7766 38.3804 36.3081 34.5179 32.9726 31.6401 30.493 29.5083 28.6673 27.9547 27.3582 26.8687 26.4794 26.186 25.9866 25.8813 25.8727 25.9656 26.1675 26.4885 26.9419 27.5442 28.3152 29.2786 30.461 31.8916 33.5999 35.6116 37.9436 40.5949 43.537 46.7057 50 
75 68.5424 62.3668 56.6826 51.6017 47.1524 43.3076 40.0113 37.1965 34.7964 32.7498 31.0032 29.5115 28.2369 27.1485 26.2211 25.4342 24.7717 24.221 23.7726 23.4197 23.158 22.9857 22.9032 22.9134 23.0217 23.2363 23.5685 24.0333 24.6496 25.4412 26.4371 27.6719 29.1856 31.022 33.2254 35.8327 38.8617 42.2932 46.0525 50 
75 67.3567 60.1616 53.7072 48.107 43.3471 39.3464 35.9996 33.2018 30.8589 28.8913 27.2337 25.8332 24.6476 23.6432 22.7932 22.0766 21.4769 20.9815 20.581 20.2687 20.0406 19.8949 19.8323 19.856 19.9715 20.1875 20.516 20.9731 21.5798 22.3629 23.3567 24.6039 26.1567 28.0773 30.4352 33.3001 36.7259 40.7216 45.2113 50 
75 65.7227 57.2158 49.8776 43.7722 38.7827 34.7311 31.4389 28.7521 26.5461 24.723 23.2071 21.9401 20.8771 19.9834 19.232 18.6021 18.0779 17.6472 17.3012 17.0336 16.8407 16.721 16.6753 16.7067 16.8208 17.0261 17.3349 17.7633 18.3334 19.074 20.023 21.2302 22.76 24.6952 27.1379 30.2067 34.0202 38.6559 44.0711 50 
75 63.3184 53.101 44.8155 38.3212 33.2806 29.3564 26.2728 23.8217 21.8503 20.2473 18.9315 17.8431 16.9374 16.1812 15.5491 15.022 14.5854 14.2283 13.9429 13.7237 13.5675 13.4731 13.4412 13.4747 13.5788 13.7615 14.034 14.412 14.9166 15.5766 16.4312 17.5338 18.9581 20.8055 23.2146 26.3686 30.4924 35.8108 42.4173 50 
75 59.4499 47.0546 37.962 31.4164 26.6622 23.1409 20.4742 18.4116 16.7861 15.4845 14.4286 13.5632 12.8483 12.2549 11.7613 11.3514 11.0132 10.7377 10.5184 10.3509 10.2327 10.1627 10.1417 10.1721 10.2583 10.4069 10.6277 10.9339 11.3443 11.8847 12.5912 13.5157 14.7331 16.3543 18.5462 21.5607 25.7699 31.6775 39.7871 50 
75 52.4266 37.7053 28.5614 22.7203 18.811 16.0708 14.0716 12.5645 11.398 10.476 9.73535 9.13267 8.6377 8.2287 7.88979 7.60925 7.3784 7.19087 7.04207 6.92889 6.84952 6.80331 6.7908 6.81373 6.87528 6.98031 7.13584 7.3518 7.64212 8.02653 8.53343 9.20472 10.1042 11.3324 13.0553 15.5581 19.3491 25.3422 35.0537 50 
75 37.5513 22.7787 15.8581 12.0923 9.79073 8.25962 7.17698 6.37667 5.76524 5.28633 4.90404 4.59446 4.34115 4.13244 3.95989 3.81735 3.70027 3.60531 3.53011 3.47305 3.4332 3.41024 3.40445 3.41674 3.4488 3.50317 3.58358 3.6953 3.84583 4.0459 4.31123 4.66559 5.1464 5.81585 6.78461 8.26723 10.7262 15.2885 25.0856 50 
75 0 0 0 0 0 0 0 0 0 0 0 0 0 0 0 0 0 0 0 0 0 0 0 0 0 0 0 0 0 0 0 0 0 0 0 0 0 0 0 50 
