75 100 100 100 100 100 100 100 100 100 100 100 100 100 100 100 100 100 100 100 100 100 100 100 100 100 100 100 100 100 100 100 100 100 100 100 100 100 100 100 50 
75 83.9992 92.9985 94.4396 95.8807 96.3934 96.9061 97.1373 97.3684 97.4801 97.5917 97.6423 97.6928 97.708 97.7232 97.7153 97.7074 97.6823 97.6573 97.6169 97.5766 97.52 97.4633 97.3863 97.3094 97.2039 97.0985 96.9501 96.8017 96.5836 96.3656 96.0255 95.6853 95.1056 94.5258 93.3821 92.2384 89.2371 86.2358 68.1179 50 
75 81.6601 85.9969 90.3337 91.7615 93.1893 93.8122 94.4352 94.7369 95.0385 95.1834 95.3282 95.3857 95.4432 95.4464 95.4496 95.4148 95.3801 95.3145 95.2489 95.1532 95.0574 94.9267 94.7959 94.6187 94.4416 94.197 93.9525 93.6033 93.2542 92.7312 92.2082 91.3707 90.5332 89.0515 87.5699 84.4769 81.3838 72.4716 63.5594 50 
75 79.321 83.6421 86.2278 88.8136 89.9851 91.1567 91.7331 92.3095 92.597 92.8845 93.0142 93.1438 93.1783 93.2128 93.1838 93.1549 93.0779 93.0009 92.8809 92.7609 92.5949 92.4288 92.2055 91.9821 91.6792 91.3763 90.9549 90.5335 89.9247 89.3159 88.3909 87.4659 85.9609 84.4559 81.7577 79.0595 73.5306 68.0016 59.0008 50 
75 78.4364 81.2872 84.138 85.8656 87.5933 88.5012 89.4092 89.8821 90.355 90.5856 90.8163 90.9019 90.9876 90.9792 90.9708 90.8949 90.819 90.6872 90.5554 90.3686 90.1818 89.931 89.6803 89.3454 89.0106 88.5555 88.1005 87.4637 86.8269 85.9006 84.9744 83.561 82.1476 79.8602 77.5727 73.6421 69.7115 63.5317 57.3518 50 
75 77.5517 80.1033 82.0482 83.9931 85.2014 86.4096 87.0852 87.7609 88.113 88.4651 88.6184 88.7718 88.7969 88.8219 88.7578 88.6937 88.5602 88.4267 88.23 88.0333 87.7687 87.5041 87.1551 86.8061 86.3419 85.8777 85.2461 84.6145 83.729 82.8436 81.5579 80.2723 78.3344 76.3965 73.3878 70.3791 65.8924 61.4057 55.7028 50 
75 77.069 78.9195 80.77 82.1206 83.4713 84.3179 85.1645 85.6397 86.1149 86.3446 86.5742 86.6416 86.709 86.6647 86.6204 86.4925 86.3647 86.1661 85.9674 85.6981 85.4287 85.0771 84.7256 84.2669 83.8082 83.1999 82.5916 81.7654 80.9392 79.7865 78.6338 76.9836 75.3335 72.9328 70.5321 67.1161 63.7001 59.2797 54.8593 50 
75 76.5864 78.1728 79.4917 80.8105 81.7413 82.672 83.2438 83.8157 84.1169 84.4181 84.5299 84.6418 84.6212 84.6005 84.4829 84.3652 84.1693 83.9734 83.7048 83.4363 83.0887 82.7412 82.296 81.8508 81.2744 80.6981 79.9371 79.1761 78.1493 77.1224 75.7096 74.2967 72.3326 70.3685 67.6763 64.9842 61.5079 58.0316 54.0158 50 
75 76.2634 77.4262 78.589 79.5004 80.4119 81.0262 81.6404 81.9916 82.3427 82.4916 82.6405 82.6419 82.6434 82.5364 82.4294 82.2378 82.0463 81.7807 81.5151 81.1745 80.8338 80.4052 79.9767 79.4348 78.8928 78.1962 77.4996 76.5869 75.6742 74.4584 73.2426 71.6098 69.9769 67.8041 65.6314 62.8523 60.0732 56.7835 53.4937 50 
75 75.9404 76.8807 77.6862 78.4918 79.0825 79.6732 80.037 80.4008 80.5685 80.7363 80.7511 80.766 80.6656 80.5652 80.376 80.1867 79.9232 79.6597 79.3255 78.9912 78.5788 78.1665 77.6574 77.1484 76.5112 75.874 75.0621 74.2502 73.1991 72.148 70.7757 69.4034 67.6213 65.8391 63.5864 61.3336 58.6385 55.9434 52.9717 50 
75 75.6935 76.3352 76.977 77.4831 77.9892 78.3203 78.6513 78.81 78.9687 78.9809 78.9932 78.89 78.7868 78.594 78.4012 78.1356 77.87 77.5388 77.2075 76.8079 76.4083 75.9277 75.4471 74.862 74.2768 73.5518 72.8268 71.9135 71.0001 69.8375 68.675 67.1971 65.7192 63.8741 62.029 59.815 57.601 55.1032 52.6055 50 
75 75.4466 75.8932 76.2677 76.6423 76.896 77.1496 77.2656 77.3817 77.3688 77.356 77.2353 77.1145 76.9081 76.7016 76.4264 76.1513 75.8168 75.4823 75.0895 74.6968 74.2378 73.7788 73.2367 72.6946 72.0425 71.3904 70.5916 69.7928 68.8011 67.8094 66.5743 65.3391 63.8171 62.2951 60.4717 58.6483 56.5635 54.4787 52.2393 50 
75 75.2392 75.4511 75.6631 75.8015 75.9399 75.979 76.018 75.9533 75.8887 75.731 75.5734 75.3391 75.1048 74.8092 74.5136 74.1669 73.8202 73.4259 73.0316 72.5856 72.1396 71.63 71.1204 70.5272 69.934 69.229 68.5241 67.672 66.82 65.7813 64.7426 63.4812 62.2197 60.7161 59.2125 57.4815 55.7506 53.8541 51.9576 50 
75 75.0318 75.0637 75.0584 75.0531 74.9839 74.9147 74.7703 74.6259 74.4086 74.1913 73.9114 73.6316 73.3015 72.9714 72.6007 72.2301 71.8237 71.4172 70.9737 70.5301 70.0414 69.5527 69.0041 68.4555 67.8254 67.1954 66.4566 65.7177 64.8389 63.96 62.911 61.862 60.6223 59.3826 57.9533 56.5239 54.9378 53.3516 51.6758 50 
75 74.8445 74.6762 74.5079 74.3047 74.1015 73.8505 73.5995 73.2984 72.9973 72.6515 72.3057 71.9242 71.5426 71.1336 70.7246 70.2933 69.8619 69.4086 68.9552 68.4746 67.994 67.4754 66.9568 66.3837 65.8107 65.1618 64.5129 63.7635 63.014 62.1387 61.2635 60.2427 59.222 58.0492 56.8763 55.5662 54.2561 52.8491 51.4421 50 
75 74.6573 74.3145 73.9574 73.6004 73.219 72.8377 72.4288 72.0198 71.5861 71.1523 70.7 70.2477 69.7837 69.3196 68.8484 68.3773 67.9002 67.4231 66.9367 66.4503 65.9467 65.443 64.9095 64.376 63.7959 63.2158 62.5693 61.9228 61.189 60.4553 59.616 58.7767 57.8217 56.8666 55.7994 54.7322 53.5745 52.4169 51.2084 50 
75 74.4777 73.9528 73.4278 72.896 72.3643 71.8249 71.2855 70.7412 70.197 69.6531 69.1092 68.5713 68.0334 67.5056 66.9778 66.4614 65.9449 65.4376 64.9303 64.426 63.9217 63.4106 62.8995 62.3683 61.837 61.2698 60.7026 60.0822 59.4617 58.7718 58.0819 57.3107 56.5396 55.6841 54.8287 53.8981 52.9675 51.9846 51.0017 50 
75 74.2982 73.5965 72.8982 72.1999 71.5095 70.8191 70.1422 69.4653 68.8079 68.1506 67.5184 66.8862 66.2831 65.68 65.1071 64.5342 63.9897 63.4452 62.924 62.4028 61.8968 61.3909 60.8894 60.388 59.8782 59.3684 58.8359 58.3035 57.7344 57.1653 56.5478 55.9302 55.2575 54.5848 53.8579 53.1311 52.3606 51.59 50.795 50 
75 74.1171 73.2401 72.3632 71.5038 70.6444 69.8134 68.9824 68.1893 67.3962 66.648 65.8999 65.2012 64.5025 63.8544 63.2063 62.6071 62.0078 61.4527 60.8976 60.3795 59.8614 59.3711 58.8809 58.4078 57.9346 57.4669 56.9991 56.5248 56.0505 55.5588 55.0671 54.5497 54.0323 53.4854 52.9385 52.364 51.7896 51.1954 50.6013 50 
75 73.936 72.8719 71.8281 70.7844 69.7792 68.7741 67.8227 66.8713 65.9844 65.0975 64.2814 63.4653 62.7218 61.9783 61.3055 60.6327 60.0259 59.4191 58.8712 58.3233 57.826 57.3286 56.8724 56.4161 55.9911 55.5661 55.1623 54.7585 54.3666 53.9747 53.5864 53.1981 52.8071 52.4162 52.0191 51.6221 51.2186 50.8151 50.4075 50 
75 73.7445 72.5037 71.263 70.0649 68.8669 67.7347 66.6026 65.5532 64.5038 63.547 62.5902 61.7294 60.8686 60.1022 59.3358 58.6584 57.9811 57.3854 56.7898 56.2672 55.7445 55.2861 54.8276 54.4244 54.0213 53.6652 53.3091 52.9923 52.6754 52.3906 52.1058 51.8464 51.5871 51.3469 51.1068 50.8801 50.6535 50.4348 50.2161 50 
75 73.553 72.106 70.6979 69.2898 67.9545 66.6193 65.3826 64.1458 63.0233 61.9008 60.899 59.8973 59.0155 58.1337 57.366 56.5984 55.9363 55.2743 54.7083 54.1424 53.6631 53.1838 52.7828 52.3817 52.0516 51.7214 51.456 51.1905 50.9842 50.778 50.6253 50.4726 50.367 50.2614 50.1945 50.1275 50.0883 50.0491 50.0246 50 
75 73.3414 71.7082 70.0751 68.5146 66.9541 65.5039 64.0536 62.7384 61.4231 60.2545 59.0859 58.0651 57.0443 56.1651 55.2859 54.5383 53.7906 53.1632 52.5357 52.0176 51.4995 51.0816 50.6637 50.339 50.0143 49.7776 49.541 49.3888 49.2365 49.1653 49.094 49.0988 49.1035 49.1759 49.2483 49.3749 49.5015 49.6635 49.8256 50 
75 73.1298 71.2596 69.4523 67.6449 65.9537 64.2624 62.7247 61.1871 59.8229 58.4588 57.2728 56.0869 55.0732 54.0594 53.2059 52.3523 51.645 50.9376 50.3631 49.7885 49.3359 48.8833 48.5447 48.2061 47.977 47.7478 47.626 47.5042 47.4888 47.4735 47.5628 47.652 47.84 48.028 48.3021 48.5761 48.9147 49.2532 49.6266 50 
75 72.8855 70.811 68.7366 66.7752 64.8139 63.0209 61.228 59.6358 58.0436 56.663 55.2825 54.1087 52.9349 51.9537 50.9725 50.1664 49.3602 48.712 48.0638 47.5595 47.0552 46.6849 46.3147 46.0733 45.8318 45.718 45.6041 45.6196 45.635 45.7817 45.9284 46.2053 46.4821 46.8802 47.2783 47.7773 48.2763 48.8429 49.4095 50 
75 72.6412 70.2825 68.0208 65.7592 63.6741 61.589 59.7312 57.8735 56.2642 54.655 53.2921 51.9293 50.7966 49.6639 48.7392 47.8144 47.0754 46.3364 45.7645 45.1926 44.7744 44.3563 44.0847 43.8131 43.6866 43.5602 43.5823 43.6044 43.7811 43.9579 44.2941 44.6303 45.1242 45.618 46.2545 46.891 47.6379 48.3848 49.1924 50 
75 72.3459 69.7539 67.1619 64.7432 62.3246 60.1571 57.9896 56.1111 54.2326 52.6469 51.0611 49.7499 48.4387 47.3742 46.3096 45.4625 44.6154 43.9608 43.3062 42.8257 42.3451 42.0277 41.7103 41.553 41.3957 41.4024 41.4091 41.5892 41.7693 42.1341 42.4988 43.0554 43.6121 44.3557 45.0994 46.0048 46.9101 47.9268 48.9435 50 
75 72.0505 69.101 66.303 63.5049 60.975 58.4452 56.248 54.0508 52.2011 50.3514 48.8301 47.3088 46.0809 44.8529 43.88 42.907 42.1554 41.4039 40.848 40.2921 39.9157 39.5393 39.3359 39.1324 39.1047 39.0769 39.236 39.395 39.7575 40.1201 40.7035 41.2869 42.1 42.9131 43.9444 44.9756 46.1823 47.389 48.6945 50 
75 71.6745 68.4482 65.2219 62.2665 59.3111 56.7333 54.1555 51.9905 49.8255 48.0559 46.2862 44.8678 43.4493 42.3316 41.2139 40.3516 39.4892 38.8469 38.2046 37.7586 37.3126 37.051 36.7894 36.7118 36.6343 36.7515 36.8686 37.2007 37.5328 38.1061 38.6794 39.5183 40.3572 41.4704 42.5836 43.9465 45.3094 46.8512 48.3929 50 
75 71.2985 67.597 64.1408 60.6846 57.6471 54.6096 52.0629 49.5163 47.4499 45.3835 43.7423 42.1011 40.8178 39.5345 38.5479 37.5612 36.823 36.0847 35.5611 35.0376 34.7094 34.3812 34.2429 34.1046 34.1639 34.2233 34.5013 34.7793 35.3081 35.837 36.6554 37.4738 38.6144 39.7551 41.2228 42.6906 44.4366 46.1825 48.0913 50 
75 70.7891 66.7458 62.7026 59.1028 55.503 52.4859 49.4687 47.0421 44.6155 42.7112 40.807 39.3344 37.8618 36.7374 35.6129 34.7709 33.9289 33.3225 32.7162 32.3166 31.917 31.7115 31.5059 31.4973 31.4886 31.6952 31.9018 32.3578 32.8138 33.5678 34.3218 35.4292 36.5366 38.0397 39.5428 41.4347 43.3266 45.5139 47.7011 50 
75 70.2797 65.5593 61.2644 56.9694 53.359 49.7485 46.8745 44.0006 41.7811 39.5615 37.8716 36.1817 34.9058 33.6298 32.678 31.7262 31.0348 30.3434 29.8712 29.3991 29.1246 28.8501 28.769 28.6878 28.8133 28.9387 29.3023 29.6659 30.3196 30.9733 31.9882 33.0032 34.4588 35.9144 37.8629 39.8113 42.2166 44.622 47.311 50 
75 69.5311 64.3728 59.2145 54.836 50.4575 47.0111 43.5646 40.959 38.3534 36.4119 34.4704 33.029 31.5876 30.5223 29.457 28.6815 27.906 27.3642 26.8224 26.4817 26.141 25.9887 25.8365 25.8784 25.9204 26.1821 26.4439 26.974 27.504 28.3787 29.2533 30.5772 31.9012 33.7891 35.677 38.1879 40.6988 43.7301 46.7614 50 
75 68.7825 62.5649 57.1647 51.7644 47.5561 43.3478 40.2548 37.1617 34.9257 32.6896 31.0692 29.4487 28.2695 27.0903 26.236 25.3816 24.7772 24.1729 23.7735 23.3741 23.1574 22.9407 22.9039 22.8672 23.0275 23.1879 23.5855 23.9831 24.6885 25.394 26.5184 27.6428 29.3435 31.0443 33.4911 35.938 39.1809 42.4237 46.2119 50 
75 67.5477 60.7571 53.9665 48.6927 43.4189 39.6846 35.9502 33.3644 30.7786 28.9674 27.1562 25.8684 24.5806 23.6584 22.7362 22.0817 21.4273 20.9815 20.5358 20.2665 19.9971 19.8926 19.7881 19.856 19.924 20.1936 20.4632 20.9922 21.5211 22.4093 23.2974 24.7083 26.1192 28.2994 30.4797 33.6882 36.8967 41.1173 45.3379 50 
75 66.3129 57.6257 50.7684 43.9111 39.2818 34.6525 31.6457 28.6388 26.6316 24.6244 23.2431 21.8619 20.8917 19.9214 19.2363 18.5513 18.0773 17.6033 17.2981 16.993 16.8369 16.6807 16.6722 16.6637 16.8204 16.9772 17.3409 17.7047 18.3538 19.0028 20.0765 21.1502 22.8948 24.6394 27.4682 30.297 34.6126 38.9281 44.464 50 
75 63.8671 54.4944 45.1217 39.1294 33.1371 29.6204 26.1038 23.9132 21.7225 20.2814 18.8402 17.8555 16.8707 16.1844 15.498 15.0209 14.5437 14.225 13.9064 13.7195 13.5327 13.4688 13.405 13.4714 13.5378 13.7607 13.9837 14.4172 14.8508 15.5964 16.3419 17.5921 18.8423 20.9794 23.1166 26.9059 30.6951 36.7388 42.7826 50 
75 61.4213 47.8426 39.475 31.1074 26.9924 22.8775 20.5619 18.2464 16.8135 15.3805 14.4372 13.494 12.8498 12.2057 11.7598 11.3138 11.0102 10.7065 10.5146 10.3226 10.2286 10.1345 10.1377 10.141 10.2551 10.3692 10.6264 10.8837 11.3478 11.8119 12.6074 13.4028 14.7897 16.1766 18.7649 21.3533 26.7777 32.2021 41.1011 50 
75 54.6095 41.1907 27.772 23.0853 18.3987 16.1345 13.8702 12.5797 11.2891 10.4796 9.67014 9.13249 8.59485 8.22697 7.85909 7.60676 7.35442 7.18796 7.0215 6.92576 6.83002 6.80012 6.77022 6.81065 6.85108 6.97764 7.10419 7.35014 7.5961 8.02745 8.4588 9.21353 9.96827 11.3738 12.7793 15.8007 18.8221 27.6654 36.5087 50 
75 47.7977 20.5954 16.069 11.5427 9.80495 8.06723 7.17854 6.28985 5.76483 5.23982 4.90303 4.56625 4.33987 4.11348 3.95843 3.80338 3.69868 3.59398 3.52843 3.46288 3.43147 3.40006 3.40269 3.40533 3.44707 3.48882 3.58194 3.67507 3.8444 4.01372 4.31025 4.60677 5.14683 5.68688 6.79362 7.90035 10.8665 13.8327 31.9164 50 
75 0 0 0 0 0 0 0 0 0 0 0 0 0 0 0 0 0 0 0 0 0 0 0 0 0 0 0 0 0 0 0 0 0 0 0 0 0 0 0 50 
