75 100 100 100 100 100 100 100 100 100 100 100 100 100 100 100 100 100 100 100 100 100 100 100 100 100 100 100 100 100 100 100 100 100 100 100 100 100 100 100 50 
75 -253.137 -13.5329 -176.036 -63.6851 -144.173 -84.6846 -129.634 -95.2298 -121.795 -101.13 -117.312 -104.56 -114.676 -106.59 -113.116 -107.782 -112.217 -108.442 -111.756 -108.731 -111.623 -108.716 -111.788 -108.39 -112.295 -107.672 -113.271 -106.374 -114.977 -104.137 -117.914 -100.264 -123.063 -93.3517 -132.527 -79.8136 -152.687 -48.8316 -202.944 50 
75 36.669 185.834 15.6842 163.219 44.8635 137.996 64.7674 122.702 76.6155 113.407 83.9463 107.618 88.5144 104.022 91.3302 101.837 93.0005 100.595 93.8764 100.041 94.138 100.059 93.8375 100.658 92.9104 101.962 91.1592 104.254 88.204 108.033 83.3907 114.153 75.5909 124.215 62.4613 140.984 42.1153 160.354 51.5761 50 
75 -164.879 -30.8774 -130.961 -31.5365 -126.083 -42.5424 -113.294 -54.6875 -102.825 -63.3532 -95.7282 -69.1434 -91.0238 -72.9427 -87.9818 -75.3484 -86.1145 -76.7549 -85.1099 -77.4 -84.7968 -77.3944 -85.1211 -76.7379 -86.137 -75.3208 -88.0129 -72.9118 -91.0482 -69.1343 -95.7102 -63.4109 -102.681 -55.2166 -111.525 -47.1233 -115.097 -51.0224 -130.374 50 
75 -24.1498 157.53 5.86876 110.131 31.3662 97.5163 40.2888 89.5479 47.7293 82.8417 53.5115 77.9858 57.5356 74.6814 60.2224 72.526 61.9173 71.2347 62.8496 70.6283 63.152 70.6187 62.87 71.2013 61.9677 72.4525 60.3275 74.5332 57.7423 77.6965 53.9314 82.1677 48.9271 87.5256 43.1383 94.9029 27.718 129.609 -0.734813 50 
75 -125.618 5.76952 -120.521 1.35645 -97.4894 -22.3303 -80.6253 -33.7741 -72.3765 -40.2235 -67.0605 -44.6557 -63.3933 -47.658 -60.9614 -49.6032 -59.4338 -50.7674 -58.5919 -51.3169 -58.3152 -51.3307 -58.5634 -50.8123 -59.3699 -49.6894 -60.8488 -47.8033 -63.2024 -44.9178 -66.6884 -40.6961 -72.0388 -33.3548 -82.9711 -16.9309 -100.409 -15.7508 -95.4203 50 
75 -50.3094 125.552 -10.0014 91.8742 2.32176 80.9555 15.9776 67.9856 26.5199 59.8943 32.7023 55.0653 36.5526 51.9727 39.0281 50.0123 40.5534 48.8595 41.3811 48.323 41.6479 48.3155 41.3961 48.8373 40.5822 49.9773 39.0693 51.9252 36.6007 55.0493 32.5828 60.3379 25.6089 69.15 16.0182 76.2554 9.9102 99.3377 -24.5893 50 
75 -107.356 31.1525 -103.164 14.4337 -75.8333 -4.31925 -64.664 -13.4021 -56.1331 -21.085 -49.6413 -26.3353 -45.472 -29.6377 -42.8569 -31.6966 -41.2604 -32.8996 -40.3998 -33.4543 -40.1275 -33.4555 -40.3976 -32.9022 -41.258 -31.6975 -42.8617 -29.6145 -45.5394 -26.1947 -49.8254 -21.0529 -55.5845 -15.0727 -62.4749 -2.85068 -82.4431 8.32689 -78.5137 50 
75 -63.6053 105.892 -26.1662 80.498 -12.9155 64.2063 3.17094 52.3077 11.6709 45.6228 17.3167 40.7941 21.3646 37.4856 24.0173 35.3903 25.6436 34.1633 26.5229 33.5958 26.8017 33.5943 26.526 34.1583 25.6501 35.3842 24.0213 37.479 21.404 40.6439 17.6846 45.0176 12.2012 52.8043 1.11213 64.1045 -6.3061 80.5566 -36.9983 50 
75 -97.4348 46.4599 -89.2732 24.7773 -64.5935 9.41016 -53.094 -1.78552 -43.2014 -9.59256 -37.2109 -14.2962 -33.401 -17.4241 -30.849 -19.4702 -29.2471 -20.6838 -28.3755 -21.2479 -28.0966 -21.2527 -28.3656 -20.6991 -29.2249 -19.5046 -30.7899 -17.5294 -33.2344 -14.4891 -37.125 -9.36083 -43.7754 -1.75116 -51.1712 7.93418 -68.652 23.0313 -69.2057 50 
75 -71.109 93.8451 -37.6913 71.3058 -21.7856 53.5092 -7.07178 43.0976 1.30619 35.7273 7.59084 30.6247 11.6278 27.4399 14.1552 25.4348 15.7249 24.2416 16.5844 23.6844 16.8606 23.6784 16.5971 24.2204 15.758 25.3865 14.216 27.387 11.6294 30.7105 7.47247 35.6251 1.97194 42.3375 -7.91772 54.6926 -17.7226 68.9502 -44.07 50 
75 -91.7034 55.9971 -79.8066 32.6834 -57.2756 17.7138 -44.4538 5.94867 -35.0973 -1.20208 -29.3212 -6.04702 -25.2799 -9.33828 -22.659 -11.3932 -21.0716 -12.5891 -20.2136 -13.1447 -19.9385 -13.1502 -20.2023 -12.6061 -21.0519 -11.4086 -22.6578 -9.32618 -25.269 -6.15989 -29.0444 -1.50352 -35.2311 6.46874 -43.7217 15.9547 -59.2812 32.2363 -63.7822 50 
75 -75.521 86.2742 -45.4489 64.6436 -27.9023 46.9414 -14.1167 36.5166 -5.14682 28.8609 0.991292 24.0206 4.87686 20.8508 7.45847 18.7844 9.0702 17.5693 9.93891 17.0091 10.2151 17.0055 9.94515 17.5621 9.07783 18.7716 7.49232 20.7732 5.00137 23.9053 0.979941 29.0013 -4.98962 35.7842 -14.1228 47.9631 -25.3963 61.6322 -48.2605 50 
75 -88.2861 62.0168 -73.4594 38.2456 -52.1752 23.0111 -38.7853 11.4804 -29.8219 4.31493 -23.8022 -0.684851 -19.7691 -3.89119 -17.2228 -5.91246 -15.6373 -7.11948 -14.7678 -7.68229 -14.4905 -7.68529 -14.7608 -7.13338 -15.6111 -5.95607 -17.1663 -3.93844 -19.7593 -0.669743 -23.7248 4.02566 -29.612 11.772 -38.5619 21.5593 -53.0071 38.0635 -60.5254 50 
75 -78.181 81.4826 -50.6331 60.0193 -32.1364 42.6229 -18.682 31.9414 -9.52168 24.4226 -3.55762 19.5972 0.415176 16.351 3.01843 14.302 4.60296 13.1067 5.46214 12.5494 5.73854 12.5433 5.47528 13.0861 4.62803 14.2801 3.03213 16.3338 0.472411 19.4667 -3.42116 24.4409 -9.52932 31.4566 -18.3992 43.312 -30.5177 56.9864 -50.8034 50 
75 -86.2078 65.834 -69.2332 42.08 -48.6691 26.5448 -35.0881 15.2263 -26.1894 7.92114 -20.0959 2.97934 -16.1408 -0.20485 -13.5708 -2.25799 -11.9673 -3.46754 -11.1029 -4.02509 -10.8272 -4.03041 -11.094 -3.47773 -11.9557 -2.27772 -13.5308 -0.27163 -16.067 2.94624 -20.0818 7.75836 -25.9283 15.314 -35.024 25.4099 -48.8329 41.7708 -58.5326 50 
75 -79.8087 78.4405 -54.0717 56.8468 -35.0371 39.7284 -21.6894 28.8853 -12.5234 21.4672 -6.56753 16.5761 -2.55918 13.348 0.0114204 11.3153 1.59862 10.1092 2.4676 9.54663 2.74444 9.54434 2.47378 10.0958 1.62287 11.2799 0.0508642 13.3171 -2.53222 16.5026 -6.42569 21.3939 -12.5287 28.5549 -21.3238 40.1305 -33.9147 54.026 -52.3691 50 
75 -84.9316 68.2577 -66.4407 44.6994 -46.2696 28.9175 -32.6364 17.7196 -23.7211 10.3522 -17.6459 5.45539 -13.6926 2.2427 -11.1038 0.192188 -9.51225 -1.00837 -8.65093 -1.56623 -8.37439 -1.57217 -8.63894 -1.02577 -9.49159 0.170973 -11.0795 2.19954 -13.6174 5.38269 -17.6132 10.2458 -23.4818 17.6929 -32.6072 28.034 -46.0726 44.1351 -57.3007 50 
75 -80.8085 76.5121 -56.3347 54.6883 -37.0224 37.7813 -23.6899 26.8498 -14.5476 19.4673 -8.56915 14.5534 -4.57316 11.346 -2.00533 9.30212 -0.408714 8.09511 0.456018 7.53649 0.732182 7.53156 0.465084 8.08283 -0.392093 9.27557 -1.96333 11.2973 -4.53491 14.4998 -8.44969 19.3622 -14.5259 26.6028 -23.321 37.9698 -36.1544 52.1391 -53.3386 50 
75 -84.1511 69.7871 -64.6117 46.475 -44.6264 30.5175 -31.0032 19.3816 -22.0627 11.9955 -16.0062 7.10699 -12.0398 3.88469 -9.45621 1.84425 -7.86826 0.63987 -7.00108 0.0784829 -6.72455 0.0756451 -6.99391 0.625422 -7.84453 1.81469 -9.42741 3.84985 -11.9767 7.02733 -15.9549 11.9055 -21.8507 19.2964 -30.9566 29.8104 -44.2586 45.6384 -56.539 50 
75 -81.4132 75.3064 -57.8075 53.2297 -38.3835 36.4644 -25.0235 25.4932 -15.9058 18.1182 -9.91403 13.2035 -5.92666 9.99818 -3.35341 7.94947 -1.75689 6.74576 -0.895297 6.18849 -0.618842 6.18208 -0.883478 6.73079 -1.74022 7.92698 -3.31622 9.94786 -5.8803 13.1502 -9.80793 18.0067 -15.8585 25.2841 -24.6857 36.511 -37.6198 50.9459 -53.9343 50 
75 -83.6897 70.7278 -63.4322 47.672 -43.4969 31.6035 -29.9144 20.4881 -20.9504 13.1029 -14.9028 8.21146 -10.933 4.99109 -8.3512 2.94978 -6.76199 1.74536 -5.89558 1.1846 -5.61906 1.18114 -5.88765 1.73095 -6.73952 2.92109 -8.32068 4.95431 -10.8733 8.13472 -14.8426 13.012 -20.7619 20.3823 -29.8271 31.0075 -43.0791 46.579 -56.0776 50 
75 -81.7552 74.5861 -58.7443 52.2475 -39.3238 35.567 -25.912 24.5918 -16.8167 17.2087 -10.8198 12.3 -6.8311 9.08942 -4.25948 7.0465 -2.66511 5.83993 -1.79939 5.28038 -1.52322 5.27638 -1.79132 5.82721 -2.64624 7.01898 -4.22127 9.04391 -6.78558 12.2413 -10.7188 17.1041 -16.7479 24.3885 -25.6224 35.5291 -38.5641 50.213 -54.2853 50 
75 -83.4506 71.2609 -62.6975 48.4788 -42.7098 32.3468 -29.1905 21.2212 -20.2047 13.851 -14.1584 8.94868 -10.193 5.7388 -7.61017 3.68852 -6.01612 2.48675 -5.1552 1.92955 -4.87865 1.92295 -5.14282 2.47057 -5.99798 3.66707 -7.57984 5.69283 -10.1299 8.88152 -14.0968 13.7475 -20.0359 21.1222 -29.0475 31.8134 -42.3293 47.1383 -55.8196 50 
75 -81.9015 74.2166 -59.309 51.5823 -39.9886 34.9498 -26.4999 23.9974 -17.427 16.5903 -11.431 11.7017 -7.43997 8.4738 -4.86215 6.43847 -3.27643 5.23414 -2.40817 4.67169 -2.13133 4.6693 -2.40128 5.219 -3.2507 6.40568 -4.82992 8.44263 -7.39566 11.6257 -11.3294 16.5059 -17.3393 23.7763 -26.2753 34.8659 -39.152 49.8022 -54.4619 50 
75 -83.3929 71.4812 -62.2777 49.0325 -42.1406 32.8604 -28.7159 21.6998 -19.7037 14.3676 -13.6613 9.43216 -9.68547 6.24161 -7.12105 4.19322 -5.51845 2.9826 -4.65278 2.42427 -4.37702 2.41973 -4.64516 2.97348 -5.50595 4.16873 -7.0755 6.18119 -9.63245 9.39272 -13.596 14.2319 -19.5561 21.6296 -28.4955 32.3624 -41.8775 47.418 -55.7177 50 
75 -81.8685 74.1396 -59.6037 51.1129 -40.4854 34.5212 -26.878 23.6181 -17.8454 16.1535 -11.8238 11.3063 -7.86936 8.07346 -5.26598 6.02003 -3.67822 4.82383 -2.81958 4.26719 -2.54318 4.26041 -2.8059 4.80412 -3.65638 6.00257 -5.2524 8.04298 -7.79374 11.1977 -11.7449 16.1176 -17.7253 23.3548 -26.7483 34.4056 -39.4884 49.6434 -54.4908 50 
75 -83.5262 71.4124 -62.092 49.4432 -41.6954 33.2199 -28.4262 21.9927 -19.3355 14.7328 -13.3671 9.77399 -9.32775 6.55176 -6.77409 4.53067 -5.19169 3.32624 -4.32321 2.76352 -4.04584 2.76043 -4.31519 3.30976 -5.16238 4.48688 -6.72494 6.5204 -9.32419 9.74817 -13.2384 14.538 -19.2529 21.9809 -28.082 32.757 -41.6397 47.4591 -55.7655 50 
75 -81.6164 74.3662 -59.6942 50.7355 -40.9009 34.2181 -27.0725 23.39 -18.1998 15.8767 -12.0392 10.9831 -8.13895 7.82154 -5.56842 5.76103 -3.95714 4.54421 -3.08704 3.98344 -2.81085 3.98038 -3.0822 4.53869 -3.94907 5.74235 -5.52349 7.73567 -8.02907 10.921 -12.073 15.8746 -17.9454 23.0609 -27.1213 34.0551 -39.6416 49.7241 -54.3559 50 
75 -83.9279 71.0061 -62.0845 49.8144 -41.2803 33.4659 -28.3522 22.2103 -18.9779 14.8808 -13.1703 10.0787 -9.16171 6.79628 -6.5357 4.73388 -4.94422 3.53685 -4.08625 2.98138 -3.8111 2.97574 -4.07486 3.52101 -4.9286 4.72597 -6.53959 6.7995 -9.11814 9.92301 -12.925 14.7582 -19.1295 22.2208 -27.7264 33.0857 -41.5591 47.2453 -56.0067 50 
75 -81.0167 74.9858 -59.6283 50.3339 -41.3617 34.0748 -27.0068 23.0779 -18.506 15.875 -12.3138 10.7714 -8.24766 7.56393 -5.71251 5.55996 -4.1456 4.36866 -3.28708 3.81177 -3.01085 3.8054 -3.27347 4.34558 -4.10966 5.51051 -5.65951 7.53366 -8.2752 10.8583 -12.3397 15.6054 -17.9631 22.903 -27.4938 33.7207 -39.6596 50.0908 -53.9777 50 
75 -84.7989 70.1225 -62.2194 50.3215 -40.7228 33.3684 -28.4867 22.7302 -18.8933 14.8495 -12.7879 10.0935 -8.97489 6.98123 -6.4362 4.94124 -4.83622 3.72809 -3.96466 3.16403 -3.68575 3.15919 -3.95475 3.71232 -4.812 4.90081 -6.3638 6.86023 -8.81137 9.95294 -12.8169 15.1549 -19.1681 22.207 -27.3005 33.4785 -41.5982 46.6939 -56.5698 50 
75 -79.7632 76.2145 -59.4259 49.5372 -41.9725 34.6337 -27.0883 22.4001 -18.1692 15.6265 -12.5782 10.8655 -8.56766 7.56619 -5.9129 5.46766 -4.28443 4.23951 -3.40479 3.67192 -3.12602 3.67059 -3.40208 4.23563 -4.28019 5.46477 -5.91101 7.55046 -8.49093 10.6476 -12.1555 15.1099 -18.058 23.2317 -27.9449 33.1437 -39.5658 50.8789 -53.1562 50 
75 -86.6041 68.3893 -62.4152 51.7579 -40.4187 32.2506 -27.6623 23.0583 -19.4769 15.5886 -13.0489 10.3249 -8.85007 7.00333 -6.22587 4.94036 -4.62739 3.73607 -3.76584 3.18085 -3.49354 3.18012 -3.76461 3.73476 -4.627 4.94354 -6.23983 7.04566 -8.947 10.4789 -13.1691 15.4074 -18.5829 21.4972 -27.0602 34.4735 -41.6942 45.5638 -57.7615 50 
75 -77.1319 78.7879 -59.6687 47.1224 -41.0773 35.7599 -28.9861 23.3928 -18.4139 15.1456 -12.1106 10.262 -8.2459 7.16744 -5.77066 5.20711 -4.24511 4.05409 -3.41738 3.51772 -3.15064 3.5101 -3.40234 4.03206 -4.21648 5.17199 -5.72926 7.12195 -8.21228 10.3006 -12.351 15.7451 -19.3548 23.9544 -27.3809 31.5035 -39.7571 52.574 -51.4118 50 
75 -90.647 64.5295 -60.5214 54.8543 -43.8297 33.1548 -26.1271 20.9686 -17.5711 14.4517 -12.2838 10.0555 -8.63788 7.06503 -6.21308 5.12478 -4.68946 3.96354 -3.84937 3.41494 -3.57275 3.40025 -3.81906 3.91575 -4.62164 5.03363 -6.09342 6.9079 -8.42574 9.75743 -11.883 14.0466 -17.5406 22.1302 -29.3114 36.567 -40.4095 43.0092 -60.4492 50 
75 -70.2378 83.8669 -65.5471 45.8876 -35.3817 30.2615 -26.0877 22.5479 -18.9241 16.0187 -13.2207 11.1966 -9.21557 7.90489 -6.53802 5.7561 -4.84756 4.46755 -3.91681 3.86189 -3.61446 3.85152 -3.89485 4.4314 -4.79279 5.67603 -6.4237 7.74407 -8.98986 10.8734 -12.7221 15.1678 -17.4494 20.2709 -23.6095 30.6596 -43.6978 55.9459 -46.8228 50 
75 -103.55 60.438 -47.7186 46.8035 -43.8764 38.1479 -32.1358 26.4106 -21.7744 17.7479 -14.6721 11.9549 -9.96511 8.15278 -6.91962 5.74344 -5.04908 4.33449 -4.04282 3.68854 -3.72977 3.69498 -4.05575 4.35389 -5.07478 5.77469 -6.9542 8.18654 -9.99204 11.9667 -14.6598 17.6871 -21.5222 25.4736 -29.3188 31.2167 -31.8544 40.293 -69.045 50 
75 -44.7235 76.4922 -79.3137 66.8174 -52.861 41.5146 -32.6112 25.9024 -20.5693 16.503 -13.1703 10.6643 -8.56489 7.04054 -5.72794 4.83931 -4.04653 3.59037 -3.16591 3.03327 -2.90431 3.0543 -3.20959 3.6601 -4.1478 4.98022 -5.92015 7.29997 -8.91265 11.1294 -13.7941 17.3537 -21.7877 27.7339 -35.2632 44.5826 -52.8826 51.0129 -29.8164 50 
75 -150.588 105.901 -70.0835 48.406 -34.9998 26.0501 -19.8093 15.192 -11.7884 9.16775 -7.22058 5.67971 -4.54457 3.62238 -2.96465 2.41622 -2.056 1.74927 -1.59077 1.45847 -1.45772 1.47588 -1.62722 1.80823 -2.14322 2.54047 -3.13888 3.86574 -4.88567 6.16109 -7.9066 10.1576 -13.2378 17.3829 -23.3541 32.2775 -46.7346 70.602 -100.395 50 
75 0 0 0 0 0 0 0 0 0 0 0 0 0 0 0 0 0 0 0 0 0 0 0 0 0 0 0 0 0 0 0 0 0 0 0 0 0 0 0 50 
